778 654 604 5202 44946 90328 87394 73751 73468 77269 79874 81058 80123 68137 73263 83310 80788 54690 15828 3667
17050 16413 18208 27767 79774 147049 105038 77282 83668 110164 167728 229909 262758 219672 200271 161132 95386 38464 7097 1168
121340 61212 66925 85753 109174 122963 127142 107517 114427 128511 129085 93295 55636 30666 22935 17531 10670 5553 1661 605
175942 166066 156696 159720 121732 76918 124121 154123 168688 158890 96812 40846 16471 7702 5311 4071 2800 1504 435 132
74520 95194 94625 88733 58155 27568 39101 59140 67469 62033 36247 14162 6348 3615 2989 2122 1522 766 213 58
27804 36623 39309 35333 21769 10545 12282 18422 21339 19289 11465 5479 3273 2341 2050 1427 818 403 89 24
10378 12969 14426 13389 8387 4282 4338 5724 6596 5861 3780 2188 1462 1017 982 730 374 170 36 22
4489 5224 6006 5722 3663 1955 1688 2086 2334 2161 1423 867 611 426 422 286 144 53 19 5
2082 2400 2714 2634 1776 905 828 862 997 889 592 351 256 197 160 98 60 17 6 5
1045 1118 1185 1245 873 515 393 390 413 341 308 201 121 66 78 43 20 17 4 4
1931 1686 1579 1518 1406 1011 680 508 463 418 368 290 210 115 90 50 24 13 10 2
